68,35
62,1
62,0
61,7
61,6
61,5
61,4
61,3
20,2
61,2
20,1
61,1
61,0
20,3
60,6
60,5
60,4
60,3
60,2
60,1
60,0
59,5
59,4
59,3
19,2
59,2
19,1
59,1
59,0
58,3
58,2
19,3
58,1
58,0
57,4
57,3
57,2
57,1
57,0
56,9
56,8
56,7
56,6
56,5
56,4
56,3
56,2
56,1
56,0
54,4
54,3
54,2
54,1
54,0
53,4
53,3
53,2
53,1
53,0
52,5
52,4
52,3
52,2
52,1
52,0
51,4
51,3
51,2
51,1
51,0
50,3
50,2
50,1
50,0
49,5
49,4
49,3
49,2
49,1
49,0
48,3
48,2
48,1
48,0
47,5
47,4
47,3
47,2
47,1
47,0
46,7
46,6
46,5
46,4
46,3
46,2
46,1
46,0
45,5
45,4
45,3
45,2
45,1
45,0
44,4
44,3
44,2
44,1
44,0
43,7
43,6
43,5
43,4
43,3
43,2
18,1
43,1
43,0
42,4
42,3
18,3
42,2
42,1
42,0
41,5
41,4
41,3
41,2
41,1
41,0
14,4
40,1
14,3
13,1
40,4
13,3
35,9
35,1
35,8
34,7
34,1
34,6
33,112
33,111
33,110
33,109
33,108
33,107
33,106
33,105
33,104
33,103
